bongo-moe-cache-profile 1
# tier iq2_xs
# budget_gib 22.4
# corpora doc,code,chat,convo
# raw bench/results/2026-09-28-expert-activation/raw
# source profile_cells (top (layer,expert) by count until budget)
# cells 16735 bytes 24051788800
L 0 93 108 48 353 37 390 27 500 367 287 33 494 432 399 20 322 15 280 297 159 83 313 94 174 364 493 491 0 80 240 8 155 35 143 436 384 444 270 447 403 160 476 463 339 225 7 1 332 268 354 269 307 380 298 218 330 57 74 349 168 251 84 114 265 335 306 316 480 401 238 198 329 125 351 151 395 360 69 459 79 165 359 215 95 369 428 157 385 389 279 217 504 31 17 507 102 442 142 194 293 247 309 445 465 220 451 462 131 464 199 45 485 44 116 352 416 398 72 32 230 498 98 63 474 205 211 278 295 258 216 119 342 321 71 172 371 192 212 81 248 249 312 273 241 150 77 10 481 213 130 319 406 328 407 458 153 441 92 30 103 320 182 449 378 67 482 376 396 59 132 234 19 496 42 50 264 90 134 16 163 285 440 36 419 430 304 303 177 169 338 87 62 281 450 453 294 375 408 12 118 473 188 227 347 170 308 420 486 392 209 423 505 472 426 222 145 409 259 333 110 107 425 185 176 28 243 46 204 435 471 254 202 272 34 43 337 457 277 203 370 111 495 89 148 158 39 302 326 340 24 100 58 49 9 393 508 386 166 246 197 296 99 499 162 121 61 372 109 129 183 214 412 315 97 289 139 245 242 223 358 366 167 346 461 201 73 179 468 381 149 187 154 290 446 88 128 60 164 3 282 219 21 414 123 161 437 52 253 383 299 64 324 85 256 175 147 180 113 29 5 65 120 305 235 433 54 489 189 68 104 363 200 400 341 224 466 126 105 456 117 286 379 191 470 478 301 497 434 2 138 178 410 274 262 23 4 467 483 510 252 377 208 404 96 334 452 411 431 14 336 348 106 261 228 475 427 448 207 233 237 362 509 291 479 267 418 356 239 173 382 75 186 415 206 422 91 144 257 438 196 318 350 503 82 397 484 53 506 190 317 275 101 266 221 511 492 229 156 115 18 391 501 394 345 232 41 231 76 361 439 66 184 70 331 327 263 288 429 25 469 405 300 343 56 133 38 283 22 310 402 210 78 323 314 26 122 135 325 250
L 1 44 101 20 163 334 375 329 246 169 72 352 92 274 247 301 407 390 321 413 389 467 173 90 12 431 324 449 233 372 223 355 144 161 67 464 166 271 445 124 74 51 78 282 423 264 466 146 305 489 1 475 229 508 486 298 129 37 219 94 241 364 405 228 36 326 17 155 238 10 398 404 227 197 426 470 300 388 295 30 243 325 447 350 370 294 157 417 57 89 244 119 279 158 16 482 148 483 328 315 251 427 42 179 386 362 263 132 303 394 378 363 142 195 97 276 133 50 235 498 125 313 382 454 293 418 115 446 71 434 440 245 225 113 283 112 468 465 316 458 291 304 493 183 499 420 186 302 462 102 258 342 414 320 63 189 80 162 471 206 371 152 14 336 66 165 265 273 281 345 84 383 52 109 64 128 174 234 156 237 481 147 86 506 120 410 323 176 310 135 505 5 143 510 262 381 395 285 164 108 387 18 353 403 6 100 215 269 504 59 85 443 340 131 224 3 24 297 487 170 60 209 476 33 254 366 34 406 172 232 70 53 32 211 171 242 29 358 401 497 421 204 456 4 296 216 62 453 496 19 153 77 76 438 259 106 319 349 200 491 261 68 337 393 444 137 191 190 477 214 23 55 441 249 82 210 400 437 127 145 451 193 196 368 402 35 415 500 213 49 317 220 455 61 346 91 430 122 312 286 490 338 469 181 226 47 292 178 432 268 138 287 134 123 48 348 494 502 284 250 118 103 397 203 509 194 217 107 208 272 149 240 399 448 230 160 231 38 202 311 392 27 478 429 0 126 151 299 356 435 331 81 188 182 192 212 473 43 270 105 424 416 248 332 492 88 354 93 218 168 21 267 373 341 278 339 15 111 58 385 46 306 275 391 409 207 367 376 307 314 253 425 380 365 159 266 79 9 130 150 439 309 139 28 369 41 95 442 104 452 436 308 344 39 422 87 13 257 69 396 260 177 98 184 277 45 511 335 141 280 175 75 351 333 507 96
L 2 96 150 157 41 317 458 22 413 85 417 151 230 296 103 43 149 134 238 64 260 510 412 180 401 350 47 384 279 339 258 435 305 460 373 42 256 177 273 138 383 288 485 55 201 202 81 220 7 28 456 253 486 181 419 283 445 502 334 443 239 107 506 125 69 469 434 86 406 388 245 168 461 56 65 257 106 312 17 37 358 444 316 342 142 215 505 51 92 306 464 101 392 332 251 321 360 439 311 504 467 141 324 84 27 104 295 212 152 206 308 300 229 147 203 351 10 30 280 480 109 410 276 431 277 59 188 95 432 494 477 315 117 210 21 169 68 231 236 79 349 263 500 197 470 492 153 173 367 496 2 325 490 511 508 50 361 302 224 61 122 143 335 207 44 310 493 341 294 242 270 259 405 20 390 265 286 389 162 378 112 76 483 303 292 5 252 359 451 463 164 326 34 136 495 503 250 13 60 476 45 394 146 372 63 137 200 336 438 385 363 165 371 391 377 319 301 88 380 139 185 268 379 409 25 375 154 39 113 304 249 433 179 364 261 123 214 62 46 36 416 399 195 226 452 16 160 418 74 322 33 54 158 427 370 240 481 176 484 382 457 190 208 266 488 426 145 297 161 114 119 346 77 140 430 331 89 448 32 403 184 127 453 338 0 287 75 475 244 282 262 357 83 291 414 365 192 264 344 222 471 3 449 199 135 4 48 35 213 57 307 193 87 271 497 347 82 11 267 472 454 402 26 337 298 499 178 441 284 299 93 425 105 186 191 436 247 102 404 396 131 132 429 400 285 196 246 386 327 234 237 49 254 313 29 97 148 320 479 110 100 211 128 115 198 482 235 133 19 171 15 170 421 352 58 71 166 189 225 437 116 353 9 255 466 450 501 328 228 12 387 354 442 130 38 420 362 290 155 491 90 293 333 374 209 183 66 172 398 269 462 118 487 182 18 289 40 446 348 73 424 159 423 376 395 248 129 314 474 411 24 163 366 232 121 368 281 440 323 340 498 218 393
L 3 120 474 49 233 433 273 85 444 425 67 267 285 30 503 70 331 64 45 340 217 442 447 103 20 376 397 61 65 416 237 215 408 379 374 240 483 4 269 391 293 335 219 459 124 66 310 26 235 323 172 363 493 437 116 426 54 445 405 178 216 191 339 457 62 395 489 249 14 461 357 337 36 404 236 400 86 196 497 225 465 481 274 197 259 394 13 264 107 89 202 130 482 29 15 434 288 1 381 386 69 205 247 334 12 443 398 283 362 99 114 115 258 108 39 212 203 162 90 214 21 309 23 333 24 171 354 210 450 373 204 41 403 278 279 436 364 35 272 241 289 420 505 234 510 368 328 83 32 243 109 218 51 367 158 132 148 469 199 3 300 287 188 369 402 298 175 123 330 452 220 348 468 119 407 282 8 504 52 25 91 168 84 501 93 511 314 6 230 495 139 396 185 430 137 464 82 176 144 127 44 262 231 347 263 508 94 174 16 326 301 163 180 342 463 375 78 0 271 277 73 149 346 186 431 97 499 491 409 11 451 27 268 167 47 72 392 184 246 43 201 432 370 135 125 305 128 410 361 211 101 255 312 378 254 151 462 183 280 261 150 351 222 509 156 360 290 147 399 68 253 10 477 229 152 294 383 58 427 129 490 307 506 142 382 415 500 159 242 117 475 467 105 226 384 460 37 393 2 252 257 349 439 441 507 418 284 389 48 371 423 320 304 140 46 291 325 153 227 165 177 50 453 157 486 417 189 414 388 182 181 494 302 198 98 118 387 311 315
L 4 272 9 221 266 295 432 409 19 436 55 488 345 414 509 382 116 464 195 115 32 506 183 66 65 285 129 149 240 249 293 216 314 197 284 289 490 496 83 130 350 422 126 308 392 493 125 329 325 338 148 486 346 277 426 92 398 465 263 334 252 505 294 342 273 283 207 424 6 114 64 360 389 499 56 412 326 233 495 339 292 99 333 433 254 357 73 384 105 461 404 241 276 393 143 237 84 174 420 37 86 153 471 379 67 24 340 164 267 25 511 480 256 14 54 141 121 370 245 428 163 417 202 11 161 113 359 30 363 196 440 162 80 110 34 399 287 189 452 494 390 169 23 168 223 405 39 472 128 349 300 152 351 507 63 371 388 324 150 102 108 27 120 296 450 103 29 93 199 298 501 203 165 51 191 104 247 401 322 175 139 81 3 74 85 260 310 386 311 458 7 257 91 344 485 358 395 445 309 449 403 198 447 16 192 90 5 212 123 62 243 238 328 362 474 20 155 185 194 299 41 369 443 482 210 28 236 437 118 302 209 206 239 181 367 331 122 248 119 13 35 138 431 265 492 425 173 453 132 10 463 394 332 57 489 307 330 50 131 21 274 42 188 100 87 31 455 391 323 491 365 89 500 336 96 182 235 58 70 246 312 469 316 45 352 410 290 406 190 258 347 430 477 402 468 157 44 171 15 107 59 407 504 71 12 320 79 48 77 218 97 429 69 184 317 60 262 408 178 374 462 166 133 481 354 228 106 508 33 442 337 144 269 497 275 78 234 457 315 318 46 438 279 341 142 306 444 268 476 355 270 502 305
L 5 355 241 240 158 63 322 286 466 422 311 107 388 506 98 426 222 461 341 270 149 378 387 343 452 156 134 492 409 496 46 165 212 478 42 284 491 364 174 210 301 7 100 348 167 59 373 368 468 358 101 297 191 47 52 497 389 4 354 188 310 41 58 87 454 13 9 429 379 180 493 320 186 285 131 273 32 394 442 447 96 258 259 294 380 247 94 382 129 29 110 74 485 487 83 413 85 430 171 347 11 477 139 89 242 54 290 172 126 169 483 349 233 339 278 153 57 215 459 154 391 346 204 146 370 507 187 196 456 385 181 455 12 307 113 195 312 416 190 133 283 137 255 37 469 415 68 257 226 31 189 475 392 362 105 84 369 324 178 375 232 36 56 244 60 277 397 482 261 109 90 161 400 353 263 213 5 333 26 424 217 163 420 250 168 143 1 500 435 111 136 471 27 3 236 503 160 501 335 340 287 350 399 279 21 317 15 481 486 93 2 234 208 80 302 70 252 356 82 125 292 359 79 374 115 377 291 92 130 228 164 436 445 206 275 403 421 141 33 467 200 331 446 138 296 17 147 140 412 202 132 192 34 308 35 239 157 106 488 44 280 50 330 314 342 76 463 498 197 119 10 336 20 245 121 441 418 28 476 404 6 66 148 224 337 509 433 272 218 505 366 38 216 328 318 316 112 401 40 185 502 414 162 460 274 75 104 351 437 159 91 295 45 103 405 299 71 288 327 177 304 231 411 281 432 293 97 499 88 338 64 122 363 383 16 8 248 251 118 325 266 326 495 474 419 428 30 438 173 49 406 465 504 24 23 48 458 81 142 19 102 449 298 0 510 386 67 357 235 484 175 508 402 201 490 365 376 253 381 237
L 6 46 464 37 457 77 385 331 108 103 30 392 230 57 404 290 25 451 499 336 219 340 213 186 482 115 118 384 297 95 1 222 169 238 59 248 428 52 419 39 354 121 7 251 100 68 265 303 423 326 429 90 397 470 220 407 258 27 364 353 36 329 435 249 26 67 296 55 184 292 152 259 461 170 42 318 472 205 345 252 149 145 398 505 476 310 263 237 381 321 231 147 403 498 66 97 495 114 207 481 226 179 60 50 201 298 371 427 164 168 388 81 239 191 319 240 281 151 322 54 448 119 127 361 176 40 444 203 350 189 455 272 308 489 131 136 79 126 250 441 102 140 373 89 132 217 181 409 0 224 484 264 357 269 491 193 5 209 285 253 185 161 188 35 510 511 436 144 243 299 362 153 452 333 73 129 374 195 468 260 139 74 194 190 22 416 247 6 372 390 210 76 324 111 411 158 394 208 117 496 347 255 386 49 422 91 47 233 304 288 383 3 24 180 138 245 486 142 415 166 442 500 379 53 120 45 351 96 200 501 58 459 391 434 454 445 431 65 128 13 309 410 134 294 368 254 363 425 279 306 359 87 172 162 137 21 465 509 349 382 358 280 305 401 175 490 174 478 284 389 4 395 355 447 352 393 474 215 183 287 426 214 471 84 202 216 369 148 187 283 274 122 479 31 282 198 414 443 154 291 317 301 377 343 12 69 497 408 503 480 338 113 125 430 348 165 182 241 244 99 135 446 485 399 413 112 234 71 229 14 267 325 218 286 312 98 242 438 437 80 150 212 223 458 33 141 456 236 339 313 417 116 63 8 412 227 38 418 463 262 405 387 370 295 9 173 160 107 246 330 293 167 123 78 493 439 232 93 344 2 335 43 146 320 314 130 88 48 92 235 467 502 257
L 7 35 359 423 38 15 64 277 291 85 430 62 0 188 360 355 306 261 386 22 23 406 152 434 315 263 240 294 398 103 70 404 377 304 403 350 460 324 37 2 480 12 450 451 241 418 344 227 44 436 81 80 154 98 235 412 378 113 93 158 41 221 14 307 54 208 143 296 508 485 166 39 314 323 170 401 4 112 492 250 463 232 58 96 20 391 147 399 325 142 182 489 312 397 242 220 140 305 287 186 274 10 457 167 82 509 234 442 268 357 34 40 469 72 52 130 13 202 252 65 135 327 352 474 83 16 215 499 395 71 479 368 316 75 387 341 383 275 119 396 282 507 308 256 302 410 374 224 490 505 454 246 218 416 11 29 390 204 129 500 61 448 33 494 49 47 126 253 60 408 269 31 283 288 367 449 497 228 159 145 99 437 76 334 493 244 139 48 239 199 174 317 21 165 426 339 260 160 115 273 9 192 150 128 155 496 417 200 351 169 68 444 123 223 177 303 231 116 191 105 363 78 415 385 176 148 86 122 127 354 5 120 3 193 156 125 136 466 141 161 92 32 229 429 413 53 392 6 212 206 26 340 464 259 163 187 425 276 144 414 107 102 172 175 272 132 27 189 297 322 389 477 195 94 481 121 331 164 382 173 384 181 473 332 371 171 157 117 439 55 381 394 197 424 461 134 168 445 264 353 179 180 101 194 74 295 349 267 190 178 89 358 111 328 290 470 46 338 207 478 248 365 51 419 346 63 491 284 217 280 258 503 43 209 326 427 482 465 237 298 17 243 452 50 455 441 118 42 257 435 342 369 373 372 95 73 421 108 432 440 300 286 28 318 495 36 468 320 453 219 422 319 84 210 335 109 110 18 255 486 388 458 19 311 471 472 162 301 185 245 90
L 8 507 50 305 253 468 207 86 123 237 166 488 105 424 73 65 78 44 500 331 37 221 158 270 186 66 367 145 79 4 430 446 174 427 34 205 306 301 312 272 491 402 493 215 258 14 419 220 436 342 199 11 103 330 437 217 275 373 403 329 356 127 323 389 307 420 510 227 31 492 224 112 292 126 87 249 353 381 198 465 242 337 171 252 148 236 489 70 93 60 98 138 53 54 82 49 213 440 347 140 179 261 232 302 109 471 115 314 327 246 482 214 326 169 110 180 92 187 133 448 229 495 27 151 505 304 447 116 357 496 233 250 487 283 241 108 24 451 95 379 470 154 68 410 202 317 59 486 498 104 161 16 223 494 3 395 172 426 162 77 497 268 366 88 90 378 316 81 350 324 394 442 294 210 360 40 499 177 146 111 311 443 260 141 334 352 184 354 375 32 36 71 218 315 365 338 230 363 239 28 423 335 153 45 201 271 358 21 35 120 322 1 182 383 64 397 287 150 99 355 26 278 155 176 484 298 254 377 61 216 509 128 67 197 346 243 206 469 178 431 248 163 41 76 508 281 131 320 506 6 89 318 466 225 371 313 409 439 137 434 175 411 134 164 277 189 288 432 117 457 386 421 196 369 309 208 30 370 160 204 113 2 449 219 399 173 503 401 149 406 211 284 490 504 83 328 452 55 308 181 461 231 296 400 10 51 165 455 52 33 190 295 274 433 100 264 245 429 19 12 438 349 385 102 269 393 280 96 339 17 170 183 193 240 121 191 405 414 58 376 265 456 361 57 129 458 156 413 132 203 74 422 454 262 135 348 293 418 325 462 279 344 297 188 0 46 228 425 319 480 185 441 415 39
L 9 420 302 133 9 416 473 55 184 337 138 79 41 399 200 183 244 163 19 288 299 307 20 195 400 30 499 29 185 451 482 405 213 160 479 414 258 78 484 141 32 332 320 232 391 424 256 103 471 267 472 207 4 262 127 193 263 319 62 204 316 404 76 68 421 70 260 506 242 387 137 429 241 439 49 372 461 171 167 166 115 460 147 295 182 388 140 245 192 126 131 488 450 152 363 225 246 229 109 266 36 125 187 2 214 456 431 228 39 359 364 335 413 233 57 389 34 45 408 94 202 165 124 380 205 300 274 63 143 122 223 441 50 220 162 418 502 462 398 330 370 157 210 427 169 69 269 7 344 59 331 77 511 74 161 14 206 249 449 259 340 447 46 23 48 35 128 463 491 86 211 85 446 209 313 443 350 270 224 298 425 155 474 248 51 407 99 112 457 0 442 276 296 310 170 412 378 58 325 383 495 282 90 333 100 351 328 426 436 395 393 17 280 394 239 111 348 8 284 217 345 301 150 243 236 97 180 91 102 403 500 368 88 11 118 360 356 67 411 98 480 44 503 179 240 338 366 494 487 146 116 153 485 510 255 367 293 129 53 277 119 493 501 308 432 144 384 264 371 73 40 361 327 47 101 71 66 373 410 61 114 483 145 357 191 254 417 492 56 158 376 377 10 396 15 139 132 317 323 475 374 386 352 28 257 285 466 82 96 95 504 369 164 508 221 505 409 13 135 452 226 168 37 349 289 231 481 326 434 181 455 154 230 291 304 279 60 208 286 105 261 113 465 64 194 309 235 176 42 355 250 27 130 478 314 406 346 5 84
L 10 363 160 197 109 136 257 35 317 6 298 447 42 315 232 272 123 327 32 282 55 29 117 254 152 79 143 362 205 374 242 165 347 235 129 3 2 56 251 311 497 276 285 217 442 49 397 407 507 208 340 63 415 17 163 78 324 88 112 178 361 293 60 196 391 51 503 369 490 345 188 87 173 291 419 114 12 105 385 440 8 146 410 36 487 158 194 18 191 303 202 16 244 346 394 271 378 83 290 319 59 230 1 183 162 283 180 170 501 92 492 432 273 23 400 387 450 31 139 352 329 294 485 179 182 402 153 33 398 223 53 308 125 65 350 494 86 269 509 121 161 214 502 102 265 61 84 72 274 234 423 148 175 44 46 66 48 138 187 67 275 258 305 198 145 349 465 445 236 323 220 437 320 482 299 279 483 446 245 441 326 425 278 77 181 199 91 370 366 348 413 408 47 430 249 104 365 241 426 332 403 103 456 50 68 421 82 341 151 301 310 26 253 307 296 71 455 43 289 444 40 5 382 453 409 436 384 454 443 226 406 133 424 130 137 157 491 333 368 351 336 354 212 314 30 69 177 489 263 292 389 343 167 237 166 22 371 38 330 215 474 295 313 211 460 189 126 213 286 331 107 110 280 81 243 428 111 297 108 239 119 395 468 54 176 427 375 98 89 206 469 321 9 210 204 93 338 218 131 185 246 433 335 73 300 270 392 115 100 233 113 10 150 221 255 207 106 506 381 377 24 461 393 318 172 405 70 411 97 379 247 219 404 141 448 277 7 376 74 4 386 200 216 64 238 470 20 480 496 478 0 156 484 510 225 353 471 203 373 357 155 399 417 171 325 459 28 224 304 45 19 264 128 186 140 134 62 231 120 322 438 477 58 184 256 467 266 190 396 328 356 229 306 14 488
L 11 153 469 312 14 122 187 183 203 156 87 215 131 53 15 452 428 336 406 24 345 115 499 408 283 356 390 178 43 465 353 239 438 159 89 244 20 304 442 144 497 175 277 468 158 233 467 479 66 205 410 137 231 331 292 105 34 214 76 380 35 179 360 415 3 33 129 427 211 81 222 2 85 387 340 114 8 95 242 399 383 256 432 473 125 483 509 291 195 150 385 168 470 220 503 284 152 63 251 422 419 388 318 39 376 507 234 496 389 299 99 320 492 377 446 296 279 171 481 308 506 120 0 449 365 73 407 354 413 325 429 269 294 498 5 146 188 38 1 288 71 484 461 363 174 141 352 321 333 121 84 110 189 123 395 328 416 181 310 258 295 426 92 443 255 100 266 154 456 338 235 384 243 386 74 392 271 351 460 319 342 237 184 196 477 337 463 79 130 329 206 75 491 217 437 332 157 133 55 12 62 16 232 275 252 78 476 101 169 474 378 160 136 454 464 64 511 254 409 197 94 344 412 368 139 339 274 297 18 113 11 402 117 403 475 482 17 431 375 263 219 207 323 343 270 109 502 49 186 401 103 90 148 290 495 434 262 65 440 486 77 124 488 322 45 135 246 41 393 334 180 54 311 227 98 309 161 83 257 397 421 273 250 60 398 355 218 444 108 341 25 28 350 58 4 335 97 404 210 370 86 82 166 162 7 371 26 298 111 300 453 285 480 373 505 305 67 221 204 394 119 374 36 191 411 327 56 346 96 228 145 382 163 367 128 30 490 23 177 112 314 358 485 51 293 149 268 50 104 47 457 261 423 118 72 508 116 361 52 172 68 396 381 70 259 127 264 132 245 143 248 223 107 19 462
L 12 185 443 71 173 74 63 151 240 494 308 108 134 452 110 162 233 197 374 172 83 456 47 168 11 345 350 352 227 220 219 3 225 84 445 189 448 143 116 62 5 95 97 190 120 53 218 145 280 503 174 205 181 511 369 161 202 442 107 473 346 141 136 372 380 432 187 24 177 351 315 343 273 16 98 395 284 50 301 287 37 99 140 261 327 216 290 288 317 249 76 8 167 457 324 80 342 289 41 493 355 224 306 82 246 332 502 75 383 209 9 366 410 36 155 396 294 446 91 159 148 165 22 495 498 93 326 121 305 127 4 254 404 340 307 232 278 463 417 241 195 265 169 92 505 325 170 144 42 420 231 78 360 234 34 211 375 399 154 409 362 336 188 462 160 453 64 87 230 272 400 430 228 484 341 426 206 506 390 488 509 414 248 444 7 406 251 1 126 266 470 267 96 478 123 238 427 286 378 313 429 258 447 370 6 416 213 510 139 485 303 217 436 221 419 207 223 507 200 191 196 135 460 60 408 252 109 23 229 331 464 302 133 471 497 274 27 363 198 243 469 153 458 85 90 434 33 299 46 130 131 113 279 323 371 335 413 454 347 489 14 215 48 204 487 379 401 178 418 496 392 479 150 312 166 461 440 152 403 387 438 26 359 269 281 18 32 142 449 29 468 264 320 52 411 501 263 480 467 311 300 156 111 112 499 424 30 285 357 77 348 393 138 490 377 322 398 176 157 421 356 237 73 384 472 54 122 242 137 381 103 412 491 13 115 38 291 65 51 508 257 385 314 334 329 43 389 339 353 354 292 128 20 271 102 483 235 309 236 441 149 255 459 39 117 397 423 66 433 482 275 477 239 277 386 55 425 298 179 203 318 147 10 45 94 194 19 486 0
L 13 367 194 456 237 2 446 17 477 384 187 134 324 90 369 389 0 163 345 212 306 349 43 266 375 154 27 81 14 307 225 135 334 499 138 346 64 299 380 172 373 128 243 215 333 45 305 254 190 404 391 292 178 100 110 76 55 195 332 235 130 39 405 329 416 401 421 330 460 371 59 459 203 70 248 246 77 379 208 169 415 348 313 472 394 29 364 303 171 344 387 42 372 179 382 491 10 290 483 270 4 277 16 24 467 304 205 228 370 84 360 318 309 406 314 264 151 220 71 157 72 51 355 47 265 252 182 506 96 510 311 331 188 153 25 33 131 202 105 258 325 328 261 412 129 486 186 336 351 319 26 116 420 137 101 399 34 60 435 13 23 168 244 454 448 429 176 127 449 455 122 365 107 156 152 283 321 83 427 94 142 445 155 106 82 291 31 233 211 180 497 174 263 253 136 22 239 144 396 185 414 109 275 229 89 48 9 197 316 423 46 438 44 241 177 8 93 201 113 58 453 40 227 73 167 464 257 487 87 52 407 238 479 390 273 482 160 79 184 61 485 352 175 274 222 56 32 356 339 149 398 3 260 57 198 7 378 500 219 147 62 232 397 214 335 287 112 426 411 300 481 102 226 118 37 484 462 362 442 359 148 288 447 35 124 108 353 297 166 6 104 320 267 121 480 284 417 78 511 250 493 457 478 66 145 436 358 247 393 413 98 503 323 15 431 1 463 366 280 123 38 443 473 115 385 278 410 92 501 63 103 126 191 245 312 392 301 432 450 471 470 452 164 189 36 97 206 139 150 343 286 489 12 218 276 381 357 132 119 425 262 74 223 251 146 204 419 322 461 508 120 465 221 69 159 255 207 209 28 114 210 196 86 85 285 376 192 50 11 18 368 19 65 230 476 141 231 505 363 224 91 326 350 54 199 488 268 170 165
L 14 48 293 215 315 68 281 63 56 439 206 95 67 150 41 45 423 85 456 154 203 269 99 171 93 143 291 247 239 258 147 277 208 256 44 431 330 304 24 311 1 213 212 295 39 13 194 109 437 509 55 74 447 190 276 385 210 280 341 505 355 274 146 238 443 200 420 275 406 5 386 191 218 61 3 88 153 320 102 196 76 388 207 292 231 323 300 429 507 283 333 174 367 411 115 186 98 381 267 441 451 130 92 498 90 484 175 51 476 103 14 209 450 104 132 461 60 287 303 50 235 211 432 469 126 236 384 19 73 96 57 183 464 197 164 390 328 71 23 195 345 301 436 188 497 145 15 249 438 140 422 20 354 6 192 316 477 370 504 204 82 387 344 240 246 329 94 65 124 502 273 334 158 78 369 405 448 383 372 397 70 155 160 86 205 116 80 166 404 362 233 46 42 351 446 69 474 365 305 47 142 278 118 137 79 377 374 62 30 368 138 34 33 84 395 454 352 430 91 107 340 401 72 489 418 156 290 419 10 296 226 326 114 332 18 53 412 161 123 187 415 189 382 455 321 265 408 428 294 252 131 475 421 219 16 403 416 468 472 268 127 31 32 356 302 391 221 318 360 184 242 371 232 263 288 105 394 506 179 444 458 279 173 426 459 122 133 298 201 349 317 262 481 17 136 396 251 470 485 284 106 499 319 427 376 491 453 89 490 21 225 339 237 342 392 398 314 28 487 488 241 425 151 64 414 366 434 26 159 248 449 435 223 343 359 260 29 399 181 222 479 176 306 168 389 77 313 234 253 353 83 37 407 227 2 324 264 495 312 309 270 139 510 108 117 165 141
L 15 65 495 129 365 296 508 211 63 396 356 13 252 241 475 66 222 41 35 299 383 494 250 294 364 81 491 237 114 510 336 343 408 146 456 138 266 500 58 245 231 119 216 382 321 271 130 79 151 64 380 175 147 102 61 306 451 56 140 85 275 193 51 311 30 143 314 133 162 73 76 54 503 404 8 370 391 228 205 281 127 318 426 227 89 481 135 21 70 308 288 218 189 39 389 459 496 381 502 187 373 22 52 220 384 190 209 431 106 445 390 71 107 374 466 487 248 472 497 169 476 110 200 398 328 467 244 31 128 6 191 264 249 178 83 82 183 32 427 167 37 44 68 174 291 358 362 199 450 379 477 449 177 36 346 283 224 473 310 232 172 470 88 206 184 10 29 386 329 460 195 448 97 432 325 62 437 226 103 43 91 223 40 413 302 253 117 111 490 188 150 290 350 192 375 331 293 424 397 418 96 207 349 141 160 446 49 155 297 363 240 327 506 75 315 428 483 256 19 292 351 411 334 24 38 392 289 298 376 403 156 34 462 247 260 254 123 217 465 173 93 12 330 274 471 74 98 215 501 258 268 154 300 333 163 342 280 157 417 345 443 368 395 251 282 322
L 16 324 87 482 28 123 376 312 414 181 169 226 280 498 73 10 152 351 471 43 168 459 175 452 208 267 355 428 220 470 180 422 33 271 341 334 102 17 153 191 21 65 90 225 360 306 35 429 118 439 276 200 501 108 183 42 338 368 246 34 500 57 157 26 195 309 326 450 11 61 467 161 261 453 98 172 174 31 204 127 345 385 393 88 286 451 16 143 53 394 492 221 323 144 201 115 402 348 240 344 148 403 378 238 36 74 140 8 396 227 44 249 332 433 265 354 62 209 455 397 20 49 171 176 415 110 282 505 133 252 465 233 70 257 407 495 147 446 228 294 55 101 250 23 493 39 159 51 166 375 91 480 472 194 187 96 395 109 489 243 245 247 263 197 231 32 285 391 216 2 22 141 292 121 213 164 333 126 210 487 173 447 435 117 477 340 134 99 443 322 302 92 85 275 120 399 255 138 297 384 283 52 189 58 264 222 288 473 370 163 235 38 343 377 94 3 366 486 146 82 260 299 114 131 499 485 317 185 337 272 506 254 186 76 132 401 236 311 369 45 83 0 30 71 78 266 363 63 251 320 6 392 75 507 441 419 353 464 416 432 313 56 373 135 346 287 199 66 279 331 19 463 490 12 496 427 278 510 305 364 160 358 230 18 508 359 193 145 234
L 17 284 174 238 494 133 222 54 331 49 302 325 327 379 116 165 322 81 508 383 146 282 78 34 164 357 245 490 455 359 336 390 236 193 459 244 418 110 281 323 461 144 219 39 41 118 452 228 180 201 71 69 192 329 59 403 57 111 446 293 215 270 104 242 319 0 349 410 175 44 499 112 87 95 495 286 442 74 304 113 14 500 372 469 315 156 141 70 224 457 443 17 384 288 16 73 103 199 449 375 246 177 188 440 398 163 413 237 108 101 283 6 62 181 333 511 337 259 430 214 365 191 232 211 173 321 140 324 138 27 121 94 454 240 338 127 477 423 264 38 172 65 261 340 7 125 328 80 468 25 453 343 265 196 47 317 106 420 187 272 223 346 470 491 10 426 55 123 401 42 462 255 68 306 285 406 402 31 465 310 441 334 50 382 216 98 72 210 66 204 252 247 303 86 484 370 30 362 488 198 137 404 2 326 466 485 154 263 364 432 374 276 409 143 422 257 254 297 147 400 132 159 356 411 378 408 218 386 60 160 429 294 22 43 487 425 88 385 503 266 391 122 105 67 467 250 102 505 387 363 497 309 389 227 354 195 305 273 150 277 26 394 145 79 267 176 48 301 260 82 37 407 63 345 128 371 291 431 155 233 258 117 194 126 220 120 424 109 75 207 83 355 438 231 308 376 12 96 347 510 212 230 360 480 307 93 463 381 476 209 225 64 312 100 295 262 235 439 186 445 369 367 437 478 279 184 202 460 151 84 61 208 53 136 486 496 498 388 40 489 433 274 298 436 162 447 393 114 392 52 299 206 142 479 205 157 396 183 32 427 249
L 18 466 484 419 467 73 51 133 357 208 309 180 5 157 28 140 235 240 504 206 300 497 422 329 473 266 221 143 47 33 482 197 437 175 411 173 425 159 18 407 182 153 88 440 480 258 12 487 139 252 237 506 382 179 118 453 106 174 494 361 144 353 93 72 456 119 292 68 358 483 403 459 216 277 178 233 42 60 22 146 7 181 310 438 84 378 29 442 199 165 200 170 172 213 196 95 447 318 485 113 434 276 198 91 388 222 193 232 67 450 85 117 510 501 100 468 13 385 462 472 111 509 405 249 283 176 282 256 152 401 122 98 397 43 503 260 261 76 443 321 154 107 96 338 160 79 386 177 428 105 341 417 325 164 120 53 299 56 284 9 418 464 92 238 436 55 391 127 141 34 457 359 265 264 471 302 137 57 373 380 305 70 458 115 336 257 10 346 340 166 307 251 167 368 451 408 242 48 75 0 441 379 220 128 103 168 500 286 229 399 184 97 234 287 243 304 62 416 330 384 255 49 435 481 219 398 239 156 15 183 102 432 470 275 285 366 392 308 381 347 493 80 475 212 66 82 104 246 87 204 272 185 508 387 20 274 402 109 207 395 374 486 151 505 291 244 138 362 81 132 312 54 218 131 21 114 38 298 363 227 280 150 278 394 125 337 315 327 253 135 427 297 226 502 169 352 101 69 45 370 389 444 194 6 293 331 63 223 431 448 99 224 50 390 89 343 319 306 201 294 414 271 303 424 324 369 241 433 490 46 245 110 25 26 452 228 476 126 345 58 163 14 460 273 461 360 313 269 372 108 36 134 409 248 39 90 59 316 214 37 439 383 209 354 19 44 281 496 423 230 145 400 350 250 454 492 187 210 116 268 396 217 40 323 78 123 295 112 348 415
L 19 190 412 257 333 250 436 395 222 114 247 61 510 296 281 365 275 134 19 27 438 307 480 482 24 9 11 183 238 39 259 48 91 124 440 306 143 152 417 161 450 157 428 332 401 309 71 141 464 15 21 335 107 304 181 51 409 56 133 67 508 104 254 411 82 175 502 50 122 378 193 374 491 310 334 166 302 242 118 252 99 16 347 448 132 158 127 289 285 399 185 126 89 177 405 246 506 55 44 498 369 279 372 280 165 112 46 348 483 468 456 59 13 209 461 454 26 253 371 140 45 385 62 297 135 429 344 331 217 76 320 207 317 507 382 437 93 504 445 73 356 453 191 184 58 408 376 396 501 106 264 292 362 489 245 77 284 373 66 182 110 174 223 81 148 321 34 142 326 153 225 383 210 121 422 291 495 1 452 503 298 187 78 357 212 424 367 113 308 418 239 346 88 446 386 130 391 63 496 90 353 407 37 53 366 60 172 49 196 487 136 263 29 240 426 273 10 290 269 92 20 86 36 138 343 349 123 188 154 341 434 57 312 435 342 234 116 204 299 155 163 327 186 330 102 131 75 387 431 364 484 249 38 173 22 145 160 381 80 474 129 286 282 14 258 351 199 397 315 30 276 473 444 101 268 390 189 232 313 271 200 432 340 74 329 35 215 338 384 433 324 236 17 149 413 100 23 64 300 25 221 457 167 43 206 228 410 421 287 70 505 159 368 427 479 294 402 377 345 465 398 336 52 197 151 65 358 233 488 328 255 339 3 414 471 392 147 231 490 472 69 156 84 226 28 31 128 4 6 316 241 243 318 162 492 261 466 406 33
L 20 123 59 28 396 69 453 204 114 0 474 151 212 274 509 459 128 137 414 14 89 178 327 260 49 37 174 36 202 189 317 102 93 125 253 217 45 286 66 47 63 373 82 412 466 289 130 157 26 437 469 436 122 502 8 315 216 298 430 227 254 27 215 423 233 200 133 325 176 236 256 159 249 504 297 39 121 10 405 7 190 2 106 386 91 413 50 211 13 218 88 290 141 127 238 426 60 369 477 358 276 136 96 335 347 228 83 328 175 213 361 124 429 374 310 409 167 244 353 42 241 488 55 271 401 85 506 471 92 494 105 456 300 56 247 255 389 356 391 223 417 291 503 177 349 15 351 445 507 34 140 468 451 339 497 58 367 97 251 461 154 464 449 51 226 418 20 338 354 457 145 296 180 345 24 278 173 511 76 465 433 360 324 470 482 318 390 117 210 319 295 138 206 480 139 57 366 308 246 265 5 147 187 416 395 30 78 285 54 110 144 346 172 162 411 90 332 355 198 98 269 460 146 9 152 440 75 142 95 348 305 94 380 166 74 293 508 53 441 378 321 362 272 116 485 203 258 314 248 330 385 344 99 170 25 359 29 394 164 498 225 400 120 320 230 186 350 408 496 313 383 439 397 109 448 80 18 243 424 252 250 478 425 262 479 234 71 326 306 132 292 72 266 179 458 267 275 447 160 220 113 323 165 283 134 182 443 415 192 209 407 229 208 242 65 379 126 84 6 427 237 365 194 495 404 181 171 363 245 221 224 149 410 81 207 43 432 493 492 368 19 169 263 341 33 231 129 501 143 301 467 38 115 219 52 268 240 454 406 100 336
L 21 168 378 248 430 288 380 506 68 22 298 357 270 62 282 140 81 451 290 350 402 150 352 87 417 166 48 372 435 115 42 499 187 442 88 370 467 121 422 72 237 27 83 218 53 432 75 23 332 206 243 458 118 257 222 192 39 371 264 160 337 43 78 158 403 280 128 440 154 91 407 478 312 339 316 246 283 419 401 45 412 212 483 480 178 84 404 391 268 311 119 147 126 392 139 279 456 253 155 252 220 408 164 377 104 200 199 216 287 80 32 424 163 485 496 501 333 349 167 107 44 474 153 194 271 421 454 470 250 450 100 395 26 438 96 323 21 334 394 92 384 172 465 67 131 148 111 306 381 281 214 3 466 86 351 183 193 33 461 286 240 223 204 347 146 57 345 11 275 18 477 233 321 207 327 301 98 242 54 247 2 181 213 41 31 36 136 229 369 493 29 101 414 324 459 400 196 236 299 52 464 409 152 17 208 441 336 64 479 497 446 285 360 502 308 256 38 76 296 382 255 56 292 509 129 344 120 173 245 201 28 413 365 12 234 389 398 0 359 330 277 304 284 171 13 59 436 169 320 9 305 328 266 61 170 109 116 16 251 263 40 77 113 504 460 297 165 318 274 175 331 374 388 5 241 130 227 117 162 176 426 472 135 317 453 125 157 231 24 261 82 189 346 314 293 69 93 341 239 259 85 503 425 50 47 379 481 127 215 102 471 95 25 447 103 123 122 79 326 431 307 494 124 303 244 217 476 105 309 224 230 443 6 397 235 203 180 210 434 445 272 226 354 338 20 70 325 356 342 142 294 473 8 469 141 205 373 58 254 51 468 71 198 211 423 132 30 507 353 195 418 65 188 269 260 110 457 452 385 449 228 482 428 343 411 19
L 22 493 174 96 388 138 257 400 275 67 294 107 504 6 438 190 231 64 93 265 102 338 164 269 46 347 305 212 13 300 230 177 143 232 310 321 148 187 199 414 188 16 104 49 32 151 345 431 399 281 95 298 24 366 50 430 206 460 309 86 60 435 20 140 405 123 149 466 210 306 11 1 270 150 469 458 328 12 92 377 243 507 511 276 75 378 394 120 434 74 253 324 273 304 82 482 301 489 445 30 293 133 503 471 55 419 401 317 193 415 410 256 492 4 224 242 3 279 52 423 470 22 356 372 290 181 250 142 91 509 462 313 141 357 261 234 420 397 436 320 17 393 316 34 402 112 499 106 201 461 302 264 437 426 332 43 160 121 126 165 428 322 28 77 10 249 72 48 295 23 365 487 5 373 481 501 196 283 78 171 339 89 255 387 33 223 163 192 508 15 416 205 175 491 383 21 122 66 465 197 355 495 500 278 379 496 195 390 57 452 384 296 334 371 386 65 229 472 41 349 42 418 56 408 99 442 159 297 35 186 381 444 109 473 134 432 158 468 157 69 484 162 421 479 246 136 40 252 413 51 225 216 374 101 85 308 369 375 110 111 319 239 343 189 312 194 449 440 406 81 358 18 179 344 340 443 47 204 453 45 450 307 284 341 214 385 271 233 235 53 404 115 327 488 380 59 272 61 103 241 221 429 202 145 62 490 215 441 292 391 213 424 411 483 227 395 39 285 116 467 172 254 135 303 125 217 348 90 506 336 8 237 477 94 248 287 446 259 87 325 80 26 417 346 463 14 218 494 178 119 497 147 105 363 73 389 456 184 222 403 326 54 335 311 502 83 455 152 451 130 498 144 376 351 128 240 31 342 146 360 510 505 108 124 318 368 170 183 155 251 100 127 364 70 9 132 38 267 203
L 23 97 245 387 395 200 107 58 103 467 87 496 164 137 248 267 120 308 469 295 191 439 256 167 306 341 83 166 455 183 310 247 236 477 447 82 6 142 438 345 464 162 147 278 63 402 14 344 410 429 401 224 509 303 487 134 443 96 4 114 93 452 186 362 291 501 155 271 81 478 327 329 117 234 69 74 381 171 33 190 25 374 179 508 507 95 92 156 420 250 383 29 139 195 321 275 100 168 222 297 382 323 363 453 285 416 449 393 237 294 315 215 210 68 71 199 118 106 495 209 221 175 510 138 136 471 356 404 145 390 194 328 13 376 481 21 116 73 184 338 102 461 494 337 290 446 115 0 457 80 128 263 15 110 318 486 462 470 66 454 292 40 78 60 89 434 174 119 45 198 272 442 35 302 403 189 493 357 212 406 203 176 331 266 425 48 77 143 407 311 152 391 51 433 289 146 104 172 144 276 258 430 372 39 257 317 339 299 108 18 296 316 9 31 121 459 282 480 27 262 274 269 201 228 148 354 260 377 379 5 400 22 150 298 412 336 227 465 193 284 188 369 16 165 394 187 389 426 251 392 125 451 32 279 241 129 483 511 364 244 52 504 325 288 59 386 84 340 492 233 421 232 46 334 259 409 17 417 204 277 23 24 90 398 240 49 305 466 55 178 373 346 79 111 163 349 180 185 226 326 126 130 98 127 355 223 384 474 72 473 3 88 202 252 351 161 499 332 206 243 214 368 41 242 220 414 283 30 75 211 192 112 482 419 366 503 309 54 42 320 181 281 388 448 113 169 385 418 342 324 218 330 460 422 408 34 476 62 44 91 304 273 246 270 441 154 428 322 76
L 24 507 50 123 305 253 166 105 73 488 424 468 65 34 44 237 430 112 207 205 356 221 419 342 492 158 86 78 446 331 4 500 249 258 220 186 491 154 270 427 272 98 493 330 312 402 217 367 174 82 437 436 66 440 184 127 37 49 327 301 14 138 304 90 126 323 347 79 510 88 381 465 35 373 353 503 104 214 233 420 53 215 306 171 31 103 275 145 41 377 307 292 198 213 60 87 169 246 505 148 224 110 294 496 68 261 70 89 469 324 242 378 11 470 329 442 93 448 45 236 337 199 354 36 252 146 314 133 95 140 223 77 497 3 288 423 375 426 232 115 109 357 466 92 32 338 40 206 172 386 443 395 360 383 268 278 471 403 27 59 241 239 311 202 447 334 161 315 326 160 67 155 108 482 194 116 335 489 486 451 366 283 151 363 201 210 487 243 61 316 509 6 409 111 54 117 463 287 317 100 227 484 188 432 162 499 498 99 389 281 216 26 369 298 203 176 30 58 325 28 177 64 394 328 179 165 182 55 309 178 200 269 284 322 71 277 260 134 455 2 358 42 308 80 81 439 280 320 410 190 229 407 173 399 344 230 396 163 431 250 231 279 131 300 370 413 434 365 181 156 461 266 52 121 96 159 193 475 218 508 211 219 502 274 348 350 128 490 175 153 183 5 72 142 12 371 204 438 63 254 441 187 445 295 91 339 355 51 22 405 282 390 429 149 107 33 449 197 245 13 457 164 113 336 406 225 265 208 7 296 21 137 372 458 251 422 416 454 24 346 256 425 240 433 135 504 271 46 480 39 83 9 150 462 460 393 380 401 130 209 332 464 262 276 289 473 313 376 147 74 400 19
L 25 420 133 302 9 416 55 244 19 183 200 184 163 473 195 79 41 138 399 20 400 30 337 472 78 32 213 482 160 405 29 479 185 137 68 451 471 299 62 499 288 316 127 263 171 232 141 320 307 267 36 332 506 414 408 193 115 76 484 391 380 404 280 424 161 242 207 258 70 460 228 266 214 204 210 363 167 4 447 256 389 449 155 296 169 429 511 50 34 220 2 166 319 241 103 269 187 109 47 45 439 328 418 421 131 388 35 63 359 383 335 39 331 407 413 270 57 295 48 364 49 69 170 260 284 157 441 367 140 387 372 340 246 398 313 206 209 245 262 463 298 199 300 77 152 122 502 83 225 310 443 23 442 346 98 86 233 425 46 356 0 330 394 111 306 88 491 259 504 474 94 386 119 276 450 205 361 243 436 118 350 456 462 493 277 501 179 466 143 11 274 128 37 403 126 211 494 370 500 58 249 67 301 282 374 236 153 59 5 162 411 323 333 373 417 427 85 100 14 112 480 369 146 461 180 475 40 91 150 384 395 240 357 239 234 8 90 286 348 366 60 314 158 125 457 308 106 229 345 129 508 96 360 145 93 304 483 265 176 6 191 95 136 73 433 116 481 393 97 293 381 254 202 223 377 264 15 434 255 317 82 325 487 44 224 221 27 445 344 285 431 349 248 164 488 66 217 485 17 329 396 208 412 196 406 338 71 309 154 231 10 142 303 188 132 455 410 376 104 423 327 278 492 156 261 227 43 222 110 56 99 124 192 144 352 438 292 291 326 53 478
L 26 363 197 160 257 298 447 129 109 317 6 136 125 117 32 442 397 272 327 273 282 123 276 55 374 315 407 43 42 362 152 381 29 232 340 16 205 105 2 48 217 8 191 235 196 391 254 292 311 51 348 114 303 143 22 285 12 440 78 146 242 79 419 415 494 67 88 179 153 308 347 194 244 49 59 290 291 369 275 293 178 400 56 294 198 258 161 485 17 202 385 490 251 182 483 112 139 208 365 501 53 173 329 410 163 450 165 23 188 507 3 352 346 274 234 279 426 398 269 319 65 345 324 77 44 509 92 220 424 371 441 491 271 489 378 361 84 83 72 102 35 214 60 297 63 366 91 66 87 480 223 158 403 180 265 349 181 402 368 445 236 296 289 151 239 86 110 26 183 430 213 47 138 219 277 482 1 330 310 199 46 333 210 237 350 423 283 443 446 31 332 33 370 215 286 238 5 299 211 61 335 50 71 497 503 121 421 89 30 487 326 425 243 170 413 437 230 40 245 38 226 492 502 320 175 119 456 107 455 313 263 343 474 444 453 126 336 82 157 411 108 448 177 427 185 167 409 506 18 137 278 389 307 187 280 301 484 103 98 477 305 454 468 176 200 133 428 379 249 206 4 253 387 130 433 384 341 172 470 113 432 392 393 54 111 104 408 334 395 360 469 115 436 461 100 467 228 338 401 375 212 64 207 420 406 19 204 34 0 394 354 510 270 69 246 390 9 256 471 36 7 399 351 300 438 259 382 76 166 233 357 429 81 218 460 459 224 225 309 355 131 134 288 353 260 396 57 377 314 70 331 439 418 295 284 159 203 504 306 74 155 388 325 201 189 417 475 20 321 24 58 216 118 495 140 383 106
L 27 153 122 156 183 14 469 497 312 187 353 15 304 422 452 345 131 53 203 87 336 24 20 215 428 158 467 356 222 284 406 115 415 402 509 438 383 427 144 283 239 2 43 479 129 89 465 408 3 419 410 468 499 233 390 34 33 159 211 399 114 73 55 179 81 76 12 473 442 85 331 105 231 184 205 340 92 291 277 206 294 150 171 292 137 256 214 484 492 0 178 66 354 266 74 446 35 503 456 125 220 95 483 470 376 429 175 84 385 360 343 387 397 413 19 39 308 63 481 426 71 242 196 251 269 252 407 461 169 99 321 195 299 350 380 123 49 58 121 389 388 432 352 263 168 146 188 8 377 234 320 449 5 117 244 443 329 384 463 181 401 318 243 288 506 327 477 328 120 141 279 296 310 232 250 133 395 295 204 235 189 363 258 403 75 197 101 392 454 496 261 325 365 163 1 109 355 157 511 378 78 124 257 110 460 139 404 416 341 64 41 498 491 338 437 374 79 227 174 482 502 77 161 207 412 38 148 237 271 16 444 90 386 333 342 221 118 309 86 434 474 339 262 255 113 210 94 297 393 18 334 135 319 83 108 246 45 152 177 440 361 130 323 62 103 217 241 65 219 285 67 26 375 507 82 430 400 275 486 311 398 464 97 307 132 476 11 98 439 154 273 372 394 72 173 346 100 495 274 382 475 149 136 96 68 17 485 293 91 409 344 25 162 373 466 47 186 335 111 51 505 9 298 228 218 290 478 147 54 28 480 301 225 508 23 253 351 417 368 4 337 50 226 391 317 270 165 289 490 27 223 264 245
L 28 63 185 108 232 233 241 494 240 151 264 369 511 443 315 11 71 290 110 134 16 74 190 173 456 345 80 308 24 189 95 159 168 161 84 219 473 47 280 372 177 448 107 37 5 335 374 174 220 197 324 225 452 254 442 83 350 99 464 202 139 62 3 346 327 116 143 249 30 162 96 145 420 41 172 205 76 341 148 432 136 169 342 371 336 503 356 427 97 446 380 91 396 417 181 246 8 215 92 187 261 123 445 509 1 211 414 306 216 75 98 152 230 141 289 302 167 343 224 352 325 140 155 200 375 453 426 50 326 395 488 227 410 294 355 462 42 390 383 484 4 218 404 489 323 217 284 90 160 505 305 502 191 113 498 165 332 317 26 36 340 278 457 399 495 463 351 366 93 248 231 400 362 22 78 188 204 274 87 120 7 154 307 360 9 144 429 265 467 53 436 493 279 347 258 409 234 209 127 470 34 130 195 206 267 378 392 403 471 370 447 331 303 64 109 273 444 213 507 510 413 286 252 334 170 54 115 460 478 506 287 272 23 406 301 221 387 77 121 73 198 33 229 408 178 27 251 135 313 126 434 153 461 480 363 266 299 103 421 39 487 60 57 419 454 111 243 379 501 485 430 228 82 483 48 32 285 14 312 131 257 223 13 52 207 359 6 479 238 416 438 418 102 85 377 449 291 142 156 298 353 149 194 18 0 348 29 300 469 496 20 137 322 357 122 68 133 281 263 499 235 150 186 89 458 196 401 292 269 310 66 67 201 373 440 354 490 43 247 51 112 157 441 239 364 250 125 468 236 384 349 385 180 393 497 129 277 275 411 412 465 386 176 45 138 389 320 38 46 508 276 309 328 105 318 459 381
L 29 299 456 477 369 194 334 0 449 367 2 212 349 163 172 237 128 90 110 324 254 307 331 345 446 306 220 187 401 404 416 17 407 135 314 389 411 379 225 215 329 138 154 134 305 203 190 266 384 362 186 333 27 459 55 235 4 364 45 16 391 153 344 292 14 100 24 195 415 178 313 179 414 64 51 499 188 34 182 373 330 287 81 23 59 82 43 479 483 46 291 208 260 372 39 84 405 142 26 491 412 318 76 157 303 355 420 101 233 435 284 96 94 72 413 328 10 382 60 484 506 47 258 346 25 130 309 160 243 42 302 56 184 152 380 107 151 467 228 127 129 136 393 399 52 131 277 332 321 61 202 421 252 423 29 105 169 387 375 463 445 37 44 168 197 381 472 149 264 370 270 13 500 156 261 275 486 177 396 174 83 297 448 325 106 406 70 112 304 7 205 222 176 73 171 214 497 63 288 126 93 239 510 352 248 311 89 426 247 351 180 454 229 464 137 283 429 79 263 122 371 290 22 77 175 316 465 452 356 455 33 427 360 246 244 336 58 116 115 503 38 447 87 460 198 273 378 113 32 487 62 398 120 15 274 8 397 164 481 9 417 57 31 257 40 353 144 394 219 462 185 71 511 238 227 148 323 109 478 85 211 226 453 432 482 490 209 280 410 97 493 158 265 245 339 69 3 139 489 108 124 390 319 123 473 358 253 300 450 365 98 201 501 166 262 438 392 359 165 442 218 241 1 74 488 147 419 335 223 121 159 104 170 221 66 119 443 12 132 436 457 494 103 285 485 343 470 200 474 48 192 320 250 278 155 118 269 376 232 145 310 348 471 293 268 20 439 213 431 508 206 167 230 385 86 6 224 78 189 216 210 67 475 276 18 35 312 80 251 480 294 468 418 242
L 30 48 68 215 315 281 63 95 293 56 206 291 85 439 39 150 99 304 61 203 41 143 45 239 146 355 147 423 93 158 269 247 3 67 323 109 330 131 277 321 154 256 213 194 190 171 505 24 385 218 209 275 74 258 456 432 276 208 55 191 116 200 507 102 352 320 333 1 153 443 175 76 388 386 140 274 238 509 174 130 311 447 90 91 92 278 44 469 406 115 57 283 233 420 98 103 183 212 267 120 295 334 476 367 431 294 231 50 14 341 204 188 411 428 5 249 436 464 221 280 13 328 21 438 186 71 96 196 210 437 31 383 142 329 240 20 104 384 484 303 124 78 132 207 316 390 287 53 345 15 51 88 65 381 179 184 19 422 497 498 489 448 235 236 164 137 300 72 246 451 219 80 211 160 317 412 401 32 114 126 292 30 429 273 441 155 450 461 419 23 288 362 446 192 62 205 195 502 395 374 382 42 427 301 47 314 82 305 197 319 241 354 344 349 397 86 156 73 69 430 368 136 404 70 94 263 145 251 421 226 365 405 284 118 387 493 340 370 79 37 472 290 296 435 495 222 176 454 474 342 2 237 366 510 477 418 106 107 339 468 224 391 60 242 369 458 165 34 16 415 33 378 488 499 105 408 416 64 501 187 359 298 265 138 46 302 234 485 122 326 372 490 351 151 455 123 268 504 28 110 508 40 232 356 392 398 491 181 257 282 279 394 168 312 376 225 266 161 189 84 262 6 424 434 403 133 180 470 360 308 18 159 506 17 89 409 487 139 377 313 49 173 83 414 331 335 166 243 396 9 253 399 459 353 38 229 426 500 389 169 327
L 31 65 495 129 365 296 63 508 356 252 241 211 35 299 364 396 383 13 294 250 66 475 81 222 237 500 114 456 41 138 336 494 151 231 321 382 510 146 491 58 343 266 119 140 130 64 408 79 85 245 102 271 216 380 308 175 311 275 314 54 133 424 404 76 228 162 476 306 143 328 61 370 451 83 193 381 391 21 260 30 481 127 51 147 70 371 205 502 91 68 89 56 220 497 325 288 7 445 384 373 29 22 389 426 218 466 39 189 135 169 459 190 172 467 496 103 450 178 8 487 73 38 281 110 318 390 431 37 330 470 36 346 268 52 274 184 283 31 106 397 375 331 187 329 473 206 249 379 128 358 240 282 503 6 32 96 427 123 386 394 1 19 209 43 191 460 292 227 253 141 199 398 215 10 244 44 411 488 224 40 200 107 264 139 437 261 490 111 160 291 302 477 156 315 97 362 243 493 483 136 71 183 472 349 412 297 185 298 232 293 342 55 372 290 117 416 440 376 322 62 485 448 171 49 428 262 501 221 150 223 34 167 405 192 420 345 154 212 142 406 267 449 310 173 374 351 465 254 174 276 395 186 93 363 247 417 418 469 188 207 402 217 161 258 303 432 24 507 25 421 121 242 409 163 202 458 166
L 32 324 87 482 123 28 414 312 376 181 169 280 351 10 226 152 73 168 471 498 102 43 175 220 267 459 33 208 452 428 183 355 20 422 153 195 341 439 118 360 35 334 90 276 17 21 225 191 65 450 57 98 345 470 451 344 306 31 501 500 172 157 161 271 338 492 429 127 174 467 309 323 180 433 249 204 88 403 453 246 240 221 61 326 16 144 8 332 70 34 115 378 42 143 348 26 402 200 36 11 394 228 368 32 110 286 53 354 495 505 108 23 39 96 141 396 297 140 265 121 455 62 415 210 227 407 91 51 148 252 233 393 480 385 397 465 55 176 216 71 209 446 261 131 101 109 159 375 447 171 251 147 489 22 49 473 493 245 76 238 302 257 250 399 278 166 292 44 317 126 377 99 294 213 133 92 164 282 74 201 395 255 190 333 222 231 443 263 337 187 194 2 384 266 416 107 463 146 472 197 366 173 288 279 138 392 52 45 259 236 56 283 135 117 111 120 0 163 369 132 247 134 487 185 464 346 432 63 167 486 299 82 316 435 58 264 363 353 6 272 230 485 285 275 507 490 142 75 499 311 496 300 424 401 162 234 202 336 287 186 269 149 19 358 94 506 47 419 379 205 508 427 160 199 315 38 370 343 293 320 243 207 30 262 41 241
L 33 284 174 494 238 133 222 322 49 390 327 331 116 325 282 146 54 165 302 336 245 490 357 508 78 455 164 59 144 379 459 359 94 461 219 384 270 329 71 281 418 403 236 41 293 452 319 193 39 70 118 201 244 81 57 304 337 228 288 215 44 188 34 156 95 383 323 286 103 177 315 17 101 468 375 104 511 69 446 410 426 111 409 202 62 0 420 191 110 265 113 317 87 181 246 180 138 192 38 73 303 14 163 224 495 264 440 214 123 173 25 346 218 441 255 10 216 125 443 16 340 321 259 106 50 175 349 333 334 469 232 430 477 442 365 499 65 127 453 449 27 242 252 457 74 121 272 140 72 237 398 283 462 406 324 210 343 338 141 247 42 500 137 503 484 96 401 364 465 454 6 7 371 80 240 423 485 310 285 372 172 400 263 305 223 411 204 266 491 297 328 112 370 154 102 387 254 160 98 306 402 211 326 86 470 374 159 108 68 199 386 122 356 60 31 187 487 389 404 309 2 408 488 362 47 43 143 429 22 132 12 37 480 424 276 198 66 250 385 24 261 432 298 467 207 425 345 67 126 220 273 382 294 120 267 308 447 176 82 79 147 419 505 378 135 117 84 53 301 30 391 257 413 463 376 312 277 105 260 291 63 183 258 155 498 194 227 88 295 196 415 75 427 48 212 433 355 466 347 274 150 128 231 90 136 61 363 229 460 235 130 26 478 439 330 497 361 445 162 412 510 314 438 206 342 64 145 486 360 234 262 19 253 307 394 171 482 233 225 186 151 278 119 422 435 195 178 354 1 205 100 33 496 89 476 157 109 392 28 474 149 299 483 83 492 367 268 287 369 456 489
L 34 419 208 467 407 458 357 300 140 73 309 28 51 504 133 181 206 157 482 237 153 143 240 47 329 175 180 15 438 33 182 361 18 235 179 453 501 12 139 22 5 484 292 221 422 473 368 174 411 113 480 472 256 253 57 462 416 173 258 506 447 266 494 68 156 198 119 252 232 261 72 122 310 425 321 29 117 196 397 260 144 243 428 378 233 330 485 88 160 85 95 277 172 53 222 118 434 353 146 178 493 105 497 255 197 509 199 104 120 456 97 34 325 442 432 483 318 403 42 358 213 382 251 100 338 67 93 193 216 386 128 91 487 98 443 96 346 106 200 272 176 388 107 276 76 234 166 9 359 481 380 60 440 284 152 43 470 164 249 54 7 13 385 401 165 459 464 441 408 293 405 341 503 55 282 305 417 391 468 437 500 92 10 79 220 374 457 154 366 475 141 239 257 337 194 265 418 39 471 70 115 510 183 392 307 127 299 40 283 84 340 125 167 287 48 159 177 109 56 242 435 50 402 219 486 229 286 87 66 168 246 347 264 373 384 308 399 336 315 170 379 304 312 212 424 372 450 103 38 451 331 381 285 218 204 362 185 390 291 444 326 81 395 363 238 138 505 20 184 448 223 460 244 350 389 89 431 370 45 275 334 101 303 111 151 364 132 297 135 398 306 49 62 278 80 150 383 169 59 63 6 491 102 268 26 126 436 21 82 207 319 99 302 415 201 427 369 387 294 241 452 259 75 298 134 496 226 269 454 343 476 131 324 313 360 490 69 163 227 17 108 354 58 90 71 394 271 110 345 187 414 263 474 316 228 339 2 41 327 224 409 320 439 273 46 455 3 245 488 449 375 77 280 461 423 203 86 492 162 463 288 333 230 137 52 412
L 35 114 190 412 257 222 247 436 296 395 333 250 275 61 183 39 238 15 48 307 19 91 134 482 480 438 365 417 401 450 71 440 21 510 399 309 24 242 335 132 298 11 344 382 264 304 9 306 161 124 193 254 50 157 464 133 302 27 106 281 332 143 280 445 152 112 67 107 223 181 56 409 104 378 113 405 51 141 118 122 1 372 127 502 297 182 279 207 191 448 185 310 289 126 259 385 411 135 387 16 93 166 428 461 153 13 284 369 504 373 209 158 253 321 320 483 356 374 217 507 175 140 62 99 498 348 110 383 474 282 334 285 246 89 456 44 331 184 55 59 292 491 26 506 396 121 454 495 172 187 82 426 508 174 273 408 142 452 429 501 148 37 496 136 269 45 484 422 386 468 77 346 437 20 347 81 376 371 232 357 345 290 327 446 210 177 236 317 263 358 88 76 453 151 225 49 92 367 487 234 299 312 29 291 186 330 406 424 196 165 78 342 473 329 130 57 63 492 503 353 36 86 123 343 341 511 435 145 324 219 58 33 261 155 160 90 377 167 444 10 116 349 418 407 66 494 53 74 462 313 239 129 361 287 421 433 457 381 398 96 366 23 60 200 163 351 65 154 220 362 204 340 80 308 138 17 391 434 233 73 228 384 34 431 4 277 131 206 70 156 212 472 268 258 465 276 208 249 489 364 149 488 188 500 25 432 102 390 192 505 328 100 22 252 3 69 315 267 471 173 509 147 413 35 339 414 318 286 466 397 32 197 128 169 360 159 389 237 43 368 410 490 14 146 52 64 400 75 162 481 40 30
L 36 123 59 28 396 453 204 69 509 114 459 212 174 274 414 14 151 327 0 37 102 253 128 178 8 49 315 436 89 260 63 202 137 36 506 189 47 317 437 93 502 82 45 482 130 289 466 430 106 215 10 373 26 469 50 227 249 297 190 216 320 60 136 412 423 121 217 92 276 42 286 238 413 13 468 325 374 418 233 122 256 504 141 241 176 177 391 386 298 144 51 105 124 39 409 335 236 461 349 138 200 426 213 175 474 265 159 27 429 91 353 83 223 5 218 291 133 361 180 310 24 98 30 7 456 127 85 226 145 290 56 425 470 74 300 477 2 451 58 497 324 358 338 80 405 55 228 356 433 125 34 390 149 318 15 251 354 57 488 90 96 417 347 328 157 147 162 198 345 424 88 359 503 511 319 360 313 211 245 278 244 95 394 449 167 457 272 187 255 54 339 292 494 254 172 401 348 332 210 243 66 355 395 369 357 152 29 94 142 20 110 507 76 445 378 140 75 160 366 97 117 170 367 155 441 158 9 271 440 296 321 206 485 146 480 247 346 248 458 344 385 448 109 225 154 350 229 275 416 285 397 295 508 478 166 496 495 258 400 487 38 139 18 113 270 230 500 479 308 380 164 293 16 182 131 314 447 126 234 107 246 404 173 25 407 185 330 379 368 305 134 306 323 464 363 171 192 410 65 419 219 326 408 163 262 194 389 132 33 467 186 207 208 492 181 362 269 203 439 179 148 471 87 237 288 120
L 37 248 506 288 168 357 378 68 270 380 81 282 62 350 382 402 88 430 22 118 218 42 298 140 75 237 435 87 166 422 119 417 48 499 206 290 27 150 83 467 352 432 332 280 419 371 451 440 384 483 246 257 158 164 115 192 160 187 72 311 372 478 401 339 412 459 404 121 252 316 395 45 392 139 337 43 53 480 253 172 44 496 403 128 281 32 370 345 199 243 442 57 377 287 39 264 26 91 84 178 78 67 194 208 458 101 11 136 2 107 391 334 501 111 407 154 96 200 456 323 485 213 131 470 247 29 285 147 163 421 351 104 465 64 167 301 268 408 454 86 279 226 18 220 333 146 216 41 21 212 450 100 305 312 3 234 394 183 306 92 446 148 250 466 229 256 347 464 242 503 414 409 98 76 222 169 261 223 97 360 52 447 170 292 504 354 271 398 413 255 56 38 36 502 33 477 299 308 286 54 438 441 129 369 426 214 277 400 173 109 181 80 196 207 204 424 9 233 327 373 144 120 324 28 93 240 125 19 193 201 244 481 40 266 17 320 297 355 236 239 460 318 420 331 110 152 336 472 12 0 245 461 31 326 388 349 489 77 13 468 453 304 8 341 494 142 275 25 175 474 113 198 291 303 241 165 389 95 153 82 69 359 379 381 284 122 260 425 479 293 431 71 296 473 105 344 46 374 157 155 127 209 307 79 24 227 338 476 346 59 143 16 314 85 6 112 330 103 274 393 272 342 356 231 418 102 445 254 65 162 180 20 368 497 309 10 23 116 130 171 313 471 189 365 436 5 396 437 507 385 509 94 462 176 428 30 267 117
L 38 493 388 275 6 96 174 190 138 438 67 504 400 508 294 107 212 102 421 93 231 257 164 347 338 265 234 269 300 64 232 466 13 24 143 177 230 187 298 321 104 273 469 140 420 53 414 430 243 46 148 366 32 120 437 281 356 500 16 206 12 60 20 415 133 49 95 3 445 50 444 309 507 82 305 431 345 123 150 328 460 377 188 435 249 1 405 489 86 11 75 310 256 242 149 401 51 250 357 270 419 181 276 313 290 394 106 151 443 399 317 293 74 471 482 10 434 481 62 372 470 418 253 165 4 224 316 134 295 373 306 18 92 197 91 393 462 160 5 99 193 65 484 112 279 461 320 342 52 426 30 322 126 210 496 499 299 48 278 201 21 428 509 223 121 365 495 255 339 395 179 163 77 458 436 381 196 43 301 136 416 192 78 17 440 387 204 35 23 33 283 297 261 186 397 465 324 408 141 384 229 453 411 349 110 69 41 355 503 383 157 15 147 472 158 487 378 442 501 319 66 205 302 359 386 334 390 264 246 479 56 511 109 379 374 40 225 175 42 162 159 284 452 402 89 271 28 343 85 142 235 81 336 215 375 423 111 216 171 307 491 358 332 432 340 45 369 308 404 341 237 115 101 490 47 292 233 125 252 272 429 424 122 483 441 385 59 239 22 241 303 178 410 406 80 221 103 217 467 391 312 34 135 456 446 371 195 155 189 463 39 183 285 8 473 218 57 226 194 304 72 468 170 326 222 368 363 105 506 61 296 348 116 325 90 152 327 497 54 346 146 494 492 166 403 214 289 380 202 145 448 213 488 248 477 73 38 117 259 211 26 502 376 94 449 14 227 335 367 352 184 505 361 70 83
L 39 387 97 245 200 58 107 395 103 191 341 496 267 87 164 467 248 137 469 167 295 63 410 82 256 83 162 237 464 402 93 344 447 338 81 470 438 478 310 271 221 507 315 175 294 443 115 4 222 297 183 452 401 228 302 477 509 6 449 120 114 142 96 117 383 318 250 145 155 487 100 247 356 224 308 69 406 134 139 284 510 234 95 303 416 429 453 156 33 179 166 77 263 25 236 481 194 374 501 369 215 327 195 430 290 106 78 5 446 393 495 66 104 508 23 73 337 71 439 186 455 68 209 40 363 27 14 257 480 285 306 493 382 465 45 244 291 110 404 407 260 174 425 461 89 403 321 454 376 118 357 128 494 108 323 21 54 189 462 9 390 492 433 136 226 150 275 278 35 276 144 394 241 121 88 171 362 212 274 486 116 146 18 334 178 31 316 450 48 60 251 279 210 391 317 289 168 127 457 152 427 15 511 16 389 126 0 32 80 367 193 299 442 311 172 330 346 29 17 471 90 184 52 102 119 296 92 336 198 163 372 242 201 203 213 59 392 208 265 474 258 199 463 111 499 125 76 161 483 339 328 272 484 243 165 154 269 138 30 368 147 98 298 354 143 331 190 409 101 345 305 398 415 112 482 129 113 51 74 366 176 157 188 187 46 39 42 355 448 417 13 61 38 373 3 358
L 40 280 352 456 201 263 214 311 363 100 294 98 1 188 122 306 428 78 187 318 233 195 314 29 366 359 205 472 96 92 258 309 148 251 247 442 275 483 290 397 49 252 434 270 481 505 360 197 411 495 58 255 162 340 168 74 231 105 6 332 106 327 110 68 60 497 425 509 254 222 140 244 420 453 44 3 165 460 298 176 157 451 508 407 439 113 246 88 53 396 127 291 121 304 145 303 56 486 389 443 253 185 353 179 452 510 239 458 330 301 178 215 227 342 9 120 445 295 109 77 180 471 208 283 470 324 346 287 137 82 412 384 498 39 350 91 136 16 266 382 351 437 126 172 463 409 46 200 32 487 493 278 398 250 85 116 38 354 381 59 403 356 292 73 377 406 240 166 230 378 234 391 281 181 444 376 47 34 8 4 219 362 395 446 355 115 203 474 138 387 18 41 421 25 64 232 143 209 315 335 37 173 261 206 504 507 374 146 440 404 177 28 341 449 87 103 156 229 436 300 503 371 319 108 282 190 500 302 339 170 183 450 66 24 348 419 36 264 271 218 204 48 399 380 499 248 323 45 268 459 462 20 325 30 257 373 501 259 418 61 329 343 124 267 447 494 424 322 393 482 477 150 51 194 344 415 75 86 67 22 7 27 80 279 296 480 308 469 151 62 171 223 2 337 273 345 129 55 256 119 331 189 388 191
L 41 310 348 229 334 61 410 236 219 272 258 29 19 86 177 511 329 256 328 35 476 299 496 260 327 269 67 80 40 191 20 432 342 214 46 87 370 279 0 210 268 199 222 94 164 475 427 84 356 41 362 23 471 16 245 415 352 351 302 365 294 211 12 354 91 52 340 179 32 484 390 170 433 273 358 375 384 233 171 431 335 125 360 97 264 140 361 167 353 378 380 493 1 228 485 180 457 300 430 501 500 434 88 44 404 414 2 235 462 444 420 445 495 332 237 83 424 492 287 124 175 383 283 394 151 143 325 331 435 158 77 38 65 407 11 301 293 220 451 232 42 244 368 55 442 216 398 184 350 505 408 68 253 491 157 98 425 463 456 480 63 498 198 21 455 336 468 85 50 502 349 240 266 49 34 306 252 27 393 163 359 448 62 130 105 132 118 129 142 51 391 251 419 110 486 397 438 150 449 314 399 100 231 116 312 275 108 72 276 473 136 36 155 54 385 324 454 192 417 59 450 159 205 213 464 303 377 418 290 490 429 465 489 169 190 439 288 120 73 412 313 201 487 3 277 311 289 109 209 103 131 508 17 389 443 440 162 208 121 482 195 185 281 58 257 4 421 250 78 178 96 95 259 60 128 168 291 147 26 367 226 271 357 183 187 70 296 265 441 104 369 197 343 423 43 156 305 123 218 186 318 188
L 42 276 86 357 302 506 131 499 19 487 435 95 218 236 142 433 268 294 15 411 250 33 23 159 93 335 490 22 340 104 248 360 345 45 479 261 495 90 17 210 432 455 232 243 334 298 398 47 303 296 388 387 62 279 226 4 267 423 177 20 353 389 27 187 462 410 113 482 342 368 6 143 385 434 85 436 132 181 130 87 470 25 307 245 138 403 430 197 225 265 26 431 341 386 216 428 172 73 204 508 355 325 56 119 237 380 77 476 141 78 123 291 415 199 158 91 404 376 9 382 426 496 182 257 424 365 235 202 491 194 8 480 168 393 249 48 322 390 231 458 391 40 478 18 260 97 175 10 124 287 50 362 153 253 152 205 419 251 14 379 304 472 363 359 68 67 351 214 448 79 185 32 136 151 215 71 55 258 290 402 447 16 139 203 272 140 36 70 288 350 137 219 165 58 354 366 30 422 154 299 163 310 440 273 190 200 417 133 413 317 238 361 222 331 509 102 53 473 220 44 61 274 315 286 425 162 285 364 378 305 169 441 42 318 278 3 492 471 489 367 233 127 59 397 80 301 321 166 13 103 183 383 457 57 12 485 484 157 463 289 21 300 443 24 88 46 155 105 94 122 254 271 212 438 330 51 313 191 115 280 466 456 195 82 217 427 343 49 114 469 92 229 39 349 134 507 348 312 277 282 83 106 207 439 109 186 445 234 369 75 501 283 502 416 76 263 0 306 450 108 211 328 5 147 66 84 121 420 442 352 110 429 99 394 69 418 241
L 43 293 299 118 478 502 274 345 85 166 76 414 422 146 490 107 220 47 500 417 365 445 360 161 256 102 448 9 370 406 489 342 139 209 181 178 499 332 40 282 105 119 94 84 193 87 73 254 106 266 297 427 346 498 246 438 4 378 359 190 458 44 450 173 164 198 509 92 53 435 71 331 329 465 298 162 137 224 412 217 172 258 511 239 460 294 225 384 380 234 510 311 350 377 127 484 2 14 391 337 505 156 207 304 425 10 45 421 48 42 236 33 483 415 506 245 95 418 26 349 244 200 340 64 456 488 168 326 315 30 300 339 491 163 185 79 77 501 97 320 280 451 353 167 180 493 333 276 15 131 233 476 1 388 428 38 302 99 218 241 126 485 255 145 83 470 237 93 486 426 25 54 430 104 413 31 436 189 46 385 115 32 206 91 289 69 455 17 310 13 423 134 364 420 248 148 471 49 262 196 86 495 251 273 29 492 5 462 142 363 410 284 18 121 98 111 355 184 223 219 270 260 243 240 338 136 336 443 457 271 375 481 213 36 81 358 176 319 278 133 242 343 34 55 387 381 464 57 116 398 27 210 494 20 222 3 128 11 292 306 504 291 395 354 316 416 197 393 203 110 120 6 286 322 433 487 373 212 317 396 440 170 267 389 431 269 474 155 191 259 308 424 466 192 19 150 149 12 232 250 477 182
L 44 74 76 459 480 387 441 297 49 510 454 445 39 421 465 213 350 313 294 404 266 145 368 200 299 322 110 234 59 207 251 495 293 270 134 195 312 175 474 4 174 161 244 336 57 81 30 410 288 492 446 238 356 173 223 177 471 280 479 283 468 415 183 214 37 225 256 418 95 394 489 331 285 337 129 499 500 362 462 212 160 209 103 158 43 99 248 24 422 142 472 164 359 235 324 237 491 79 69 51 315 136 338 438 399 87 346 120 469 47 262 203 33 189 44 452 220 333 48 483 92 342 55 70 502 194 6 419 90 167 179 405 190 28 118 427 231 56 319 100 144 232 249 287 27 284 308 105 192 447 148 156 169 402 85 456 390 367 473 347 206 35 252 433 339 273 141 42 106 250 277 281 481 127 184 246 216 247 267 202 291 352 1 286 224 135 101 215 505 34 229 125 147 370 199 440 119 88 50 355 243 73 5 204 75 395 314 301 393 241 326 290 94 68 389 379 191 432 31 269 366 494 289 45 372 345 493 448 276 444 386 490 497 205 162 154 172 21 22 343 397 185 104 302 124 457 257 170 208 307 300 376 77 130 507 140 506 371 385 383 155 263 320 417 508 176 396 303 344 325 485 341 113 466 227 374 91 282 501 358 197 451 245 409 361 138 84 327 240 121 274 186 54 272 408 255 188 310 66 171 150 373 424 434 82 111 329 211 388
L 45 488 411 266 141 168 382 314 424 485 338 235 260 5 381 253 224 126 219 25 346 163 158 404 220 60 169 213 28 159 193 400 56 65 359 501 145 45 33 481 254 182 15 448 188 171 31 394 428 351 227 200 504 451 429 442 32 231 408 484 475 148 111 316 103 64 202 191 352 1 84 376 325 74 503 89 204 133 110 29 43 226 173 114 365 42 418 406 118 12 332 63 44 136 356 26 472 57 366 51 172 297 165 76 119 453 215 435 180 294 324 225 37 270 2 388 283 69 181 334 507 289 494 397 201 390 48 189 166 462 304 7 230 290 456 210 66 132 198 239 79 275 232 262 405 466 421 333 362 348 233 186 22 509 127 282 34 482 321 386 269 73 470 284 90 373 122 330 379 54 479 447 196 493 480 264 407 299 237 185 179 322 222 99 104 268 245 303 454 61 218 385 238 39 167 508 9 149 293 212 221 317 162 440 62 425 115 343 140 207 229 416 500 449 354 240 0 47 308 433 138 241 398 70 146 40 443 252 160 452 183 412 72 211 375 309 10 147 174 367 339 75 492 205 131 153 313 281 184 473 272 106 223 415 95 52 374 77 137 251 242 457 307 286 87 363 259 125 85 328 113 306 430 496 135 143 335 178 276 469 209 420 301 446 371 357 464 437 495
L 46 73 316 93 241 319 51 82 461 339 490 119 232 209 11 155 44 10 211 113 152 164 154 348 379 364 374 431 23 356 357 290 85 346 81 194 483 199 457 421 499 340 489 156 419 418 477 296 25 393 445 37 87 177 314 53 507 412 343 38 207 392 322 188 104 265 221 432 329 227 193 195 129 33 304 495 181 315 141 284 338 115 434 510 269 283 443 492 388 294 272 471 351 257 147 45 417 409 466 71 297 299 281 218 31 5 502 24 16 295 246 262 196 359 214 60 191 6 341 239 247 110 219 107 414 372 291 248 389 452 48 493 503 444 228 438 226 123 256 77 89 250 103 324 220 362 468 486 454 334 151 57 66 427 336 387 397 245 261 263 484 288 274 135 378 286 433 161 61 145 27 215 12 446 88 165 124 267 67 1 121 9 64 280 54 112 504 271 78 18 439 467 136 311 323 473 470 505 496 458 163 143 390 30 300 292 138 404 70 91 429 20 317 370 491 416 231 475 132 353 287 506 171 320 68 464 405 500 41 15 90 240 169 260 406 128 350 97 337 80 172 162 509 321 289 410 206 268 213 436 264 167 58 307 120 242 192 363 43 72 285 481 208 361 407 69 216 32 293 8 13 114 349 373 0 86 258 236 105 463 59 140 189 420 413 252 142 437 186 122 244 19 98 168
